00010110000000000000001000010100
00100000000000000000000000000000
00010110001000000000001000010000
00100000001000100000000000000000
00010110010000000000000001100100
00010110011000000000000000000000
00010000011001100000111111110000
00010000011001100000111111110000
00010000011001100000111111110000
00010000011001100000111111110000
00010000011001100000111111110000
00010000011001100000111111110000
00010000011001100000111111110000
00010000011001100000111111110000
00010000011001100000111111110000
00010000011001100000001001010100
00010000011001100000001001010100
00010000011001100000001001010100
00010000011001100000001001010100
00010000011001100000001001010100
00010110100000000000000000000000
00010111010000000000000000000000
00011000100000100000000000000001
11110000000000000000000001111000
00010000100010000000000000000001
00010100101010000000000000000011
00011000101000000000000000000000
01010001010101000000000000000011
10010001010101000000000000000010
00110000000000000000000001011000
00010111001000000000001000010100
00100101010100100000000000000000
00010111011000000000001000011000
00100001011101100000000000000000
00010111100000000000000001100011
00010111001000000000001000011100
00100101010100100000000000000000
00010111001000000000001000100000
00100101011100100000000000000000
00010111001000000000001000100100
00100101100100100000000000000000
00010111100000000000000001100011
00100010000101000000000000000000
00100010001101000100000000000001
00100010010101000100000110010000
00100010011101000100000110010001
00010111001000000000000000000011
00010111000000000000000001100011
00010011000100000000000000001100
00010100111100000000000000000011
00010110111011110000000000000010
00010110110100000000000000000010
00010110101000000000000000010000
00001110110011000000000000000101
00010001000011100000000000000110
00010001011101100000000000001000
00100110000101100000000000000000
00010110100000000000000000000001
00010000100010000000000000000001
00001010100010000000000000001001
00100110100101100100000000000001
00010110101000100000000000000001
00010000101010100000000000000000
00001010101010100000000000001001
00100110101101100100000000000010
00100110001101100100000000000011
00010110100000000000000000000001
00010000100010000000000000000010
00001010100010000000000000001001
00100110100101100100000110001100
00100010101101100100000000000001
00010110110010100000000000000001
00010000110011000000000000000001
00001010110011000000000000001001
00100110110101100100000110001101
00010110111000100000000000000001
00010000111011100000000000000101
00001010111011100000000000001001
00100110111101100100000110001110
00010110100000100000000000000001
00010000100010000000000000000011
00001010100010000000000000001001
00100110100101100100000110001111
00010110101001000000000000000001
00010000101010100000000000000000
00001010101010100000000000001001
00100110101101100100001100011000
00010110110010100000000000000001
00010000110011000000000000000010
00001010110011000000000000001001
00100110110101100100001100011001
00010110111001000000000000000001
00010000111011100000000000000101
00001010111011100000000000001001
00100110111101100100001100011010
00010110100001100000000000000001
00010000100010000000000000000001
00001010100010000000000000001001
00100110100101100100001100011011
00100110010101100100010010100100
00010110100001000000000000000001
00010000100010000000000000000011
00001010100010000000000000001001
00100110100101100100010010100101
00010110101001100000000000000001
00010000101010100000000000000010
00001010101010100000000000001001
00100110101101100100010010100110
00100110011101100100010010100111
00010001010101000000000000000001
00010111011000000000001000011000
00100001011101100000000000000000
00001101100110000000000000000001
10110000000000000000000010101000
00010111001000000000001000011100
00100001010100100000000000000000
00010111001000000000001000100000
00100001011100100000000000000000
00010111001000000000001000100100
00100001100100100000000000000000
00010001010101000000000110010000
00010001011101100000011000110000
00010111001000000000001000011000
00100101011100100000000000000000
00001101100110000000000000000001
10110000000000000000000010001100
00010110000000000000000000011000
